100 1000 8999
6306 8 3172 73 5964
8081 47 3898 37 6908
3442 12 5330 67 6542
409 49 4246 1 2710
6824 35 182 37 6398
3595 3 5361 53 2050
6741 90 4870 35 5774
888 66 1463 79 5795
4115 29 3787 77 3020
894 43 2322 23 7142
168 90 6331 66 7985
2560 90 4636 0 3574
498 50 362 44 4168
4156 53 4939 19 856
1922 61 79 53 4557
4600 9 6401 18 5364
4643 81 3663 19 4271
6246 27 668 26 2969
8309 10 4462 8 7201
3833 1 604 66 1299
5179 63 8850 7 7730
5862 62 5972 69 7401
1383 96 5788 31 2769
7211 91 6894 55 8513
2608 13 2585 81 8684
6837 19 4711 27 3872
5925 62 8845 48 3
2207 75 2296 43 5718
7316 20 4601 13 845
556 81 1952 92 355
4615 97 5079 93 6896
6758 99 3505 29 3227
5187 3 2509 80 8694
7572 99 8275 49 5769
8099 73 4462 8 3008
8488 78 6106 22 4515
6366 69 236 15 7156
1493 46 3076 20 4787
3553 51 8502 26 2701
1466 65 2639 49 374
3351 33 5195 62 8278
1968 34 3556 72 1020
8877 21 8158 29 8953
8026 43 1250 28 6840
3806 19 4224 84 4823
7913 78 7681 81 2488
4363 28 1185 95 8234
2242 99 1606 28 3045
1442 87 8145 15 4344
8071 22 7917 9 3158
5059 25 5627 41 2778
2460 30 5878 65 3079
1146 74 5638 17 8330
1456 67 963 85 573
1052 18 8182 55 8001
8485 74 4349 44 8663
8162 29 6635 43 8938
6912 53 2788 64 4172
7673 78 7886 5 1005
4246 79 6416 0 6528
2929 19 187 24 2854
7884 90 3071 55 3437
3968 28 7547 61 4466
3530 16 5394 56 1416
5113 42 7643 82 4435
4701 89 5032 82 5895
3277 45 168 14 3167
3833 90 3118 86 7814
3398 42 6777 20 714
3664 78 2922 69 7536
3360 34 2293 63 2272
8476 20 3807 59 1824
5046 85 1097 33 2837
4684 24 2800 79 8347
2648 83 4284 50 6968
521 57 5210 49 2982
6103 31 5055 6 5453
3090 81 6538 3 67
3528 87 8197 63 4562
712 92 8425 81 7987
7286 11 6835 73 5835
5725 33 95 96 8933
4752 56 446 58 4987
952 20 6786 29 142
7717 43 6558 23 3282
881 83 6629 5 1721
7202 68 5993 65 2621
4117 38 3528 71 7020
2482 47 8922 68 5570
2996 13 2461 82 2224
2399 96 8881 16 5558
8143 65 2237 4 1697
222 99 2627 77 719
2579 88 8131 47 2823
6532 59 6027 35 6600
955 34 773 51 100
1191 43 1620 22 3137
4241 79 3739 92 4897
2805 86 6948 44 1998
3724 71 6622 63 2334
4144 38 8682 43 143
7579 36 8501 10 2107
7598 71 2419 92 2910
5508 11 8056 65 708
436 85 1485 77 1578
827 27 199 9 2878
4367 27 6812 22 2197
477 41 3146 61 4513
6867 92 7803 44 5795
2362 8 5880 65 3860
8383 48 8448 52 4226
1978 60 7298 39 1654
118 33 5897 76 6884
8853 57 2174 4 8626
6071 74 2112 29 2441
3591 38 5088 45 3541
1505 0 1019 18 8655
3251 83 8248 65 3958
5555 95 3596 7 5041
3666 7 7502 27 5759
3863 28 2013 84 1714
2269 54 2290 29 43
8457 94 6635 63 1903
1149 55 1366 65 998
4728 13 4663 92 4486
420 37 4354 89 1910
4553 96 8701 53 1660
7181 77 8390 11 2701
64 23 6011 2 4504
7789 16 4794 47 1020
519 61 7480 96 6178
4387 7 2727 62 7194
4269 10 3482 92 5926
7478 83 3485 29 7180
40 60 4418 77 8375
3716 15 7672 68 7499
7387 38 7814 89 4739
4542 39 5168 27 7291
6358 77 6824 86 3451
3174 58 3623 72 5002
2420 26 6135 30 5002
290 52 716 38 2708
4187 39 4507 94 6984
1909 98 1626 56 831
3151 59 6483 62 6079
6032 38 72 36 2166
6385 74 5560 56 8063
7811 78 2013 32 1252
1105 3 2339 76 7901
5310 22 3339 5 1470
6638 72 4372 26 2326
3414 7 468 6 291
8684 26 3070 46 1956
3834 36 776 41 1141
2732 51 1068 83 5999
7056 59 1860 51 1780
4183 70 5056 81 8575
3898 92 7028 51 2877
1289 48 8192 66 389
8136 75 2779 42 2001
3577 55 2770 8 6081
8240 63 5080 96 1088
3200 99 1653 33 6610
2484 28 1791 78 6727
1701 40 552 28 6495
5953 50 2302 13 5388
1437 54 3559 77 8319
5865 80 6463 24 5618
8281 88 6208 36 1679
6559 48 3092 19 4378
3416 84 5261 31 8914
4942 66 4108 9 5815
7968 88 5712 69 2567
842 87 6079 66 2479
2827 11 6156 24 1140
390 82 4758 20 7845
7040 15 3758 83 5439
3294 46 2155 96 1556
5886 32 7647 95 3081
1686 65 6974 74 4264
5524 32 1324 3 8239
8947 43 3439 92 813
7321 58 6062 89 7757
4390 0 5995 83 6360
7552 85 4082 40 4711
2333 47 1135 60 2229
8634 9 3503 55 8598
4076 44 5788 23 2498
5045 31 2765 38 8506
2422 51 72 99 4336
756 56 2693 5 7192
1820 63 8190 75 10
3401 59 5872 93 162
6388 69 8950 58 3021
3920 40 2115 76 6425
5075 29 6260 57 8949
4080 67 6159 85 4036
5430 66 7960 17 1245
1425 2 3351 94 6120
6442 66 577 61 7579
8106 8 5600 15 4135
5318 59 5757 95 3227
5704 38 1832 29 90
3891 41 5206 69 3197
2027 49 5270 0 8666
3389 4 7818 65 217
527 52 7015 19 1294
2919 96 5485 56 6551
6823 46 4147 54 2145
6776 61 423 92 6698
6855 77 858 32 2648
1730 82 3166 1 7957
222 13 5365 50 7833
4654 7 1151 46 4466
7796 30 1669 66 6927
8281 72 7979 81 8330
7036 91 3882 7 7475
7667 7 8748 30 7856
25 73 3670 76 7224
8020 84 3436 75 4516
5499 16 6366 78 403
2005 80 7280 99 783
1701 3 7380 52 7094
6544 93 8154 37 7608
8407 61 5606 80 1586
892 49 6210 34 6123
1784 63 280 4 3476
6372 4 7964 13 5966
5514 97 7340 73 204
8489 54 5553 13 347
153 66 4404 12 47
8106 46 3427 96 54
2003 98 7153 87 305
6635 48 4465 66 7762
8026 44 3278 91 5486
4521 13 8824 36 1522
2115 53 4974 31 3681
8629 43 2029 5 5766
5982 62 3281 58 5755
6963 65 2881 38 4865
102 27 2112 77 5603
4301 17 4621 3 3011
2354 22 7518 38 4490
6387 48 6537 64 3976
6477 76 7793 80 185
1650 34 4828 20 323
5092 59 2200 92 1117
7655 2 6778 55 7856
5991 97 1579 50 5849
4001 82 1846 40 3033
3274 89 3487 22 859
223 92 2955 34 5001
1607 91 7125 64 697
8340 22 5535 85 2973
941 40 8529 42 99
3357 52 442 82 5169
8598 85 7070 92 4577
59 65 2754 95 4506
7993 0 4000 72 8967
12 2 1203 81 1522
7537 71 5036 54 2839
8945 89 7387 67 4823
1225 36 442 25 7843
5215 22 5351 1 5906
7866 52 1870 38 5855
1784 31 2323 72 2415
1736 35 8774 79 2011
241 21 2310 32 2010
2672 64 6614 46 1696
2780 81 7473 52 7156
8369 88 451 34 4111
2758 41 5063 36 1622
2976 18 647 29 8660
1595 62 2095 8 1338
2815 51 4060 96 6615
480 91 1007 6 4273
8580 13 3889 23 5991
2773 77 2519 84 6836
5109 22 1100 72 6380
1908 26 6420 81 6309
4686 20 2591 58 7974
8133 94 5059 6 6055
4529 74 671 58 3895
478 80 5552 2 4651
7824 34 6185 9 2283
1722 71 2353 5 959
4278 3 6833 57 2641
4059 40 6162 21 5206
4056 88 8503 20 3953
6135 55 4937 60 5285
8206 60 5690 83 7262
2929 4 5707 97 1642
2686 38 4047 32 2402
441 31 14 83 3166
6040 11 970 59 2317
4934 20 4191 86 8843
3006 86 3897 32 3737
739 86 41 60 5978
772 48 3031 8 1689
2521 74 3107 89 4872
5936 9 4290 66 5399
3255 94 680 83 6550
4490 31 2867 25 5112
5222 80 6382 32 7947
3976 21 1187 81 338
6004 32 2519 67 8059
3235 29 7968 6 2362
2270 77 6358 88 3624
2610 73 5701 27 6505
1393 47 2771 49 5728
1519 86 7472 5 2988
4564 82 1480 1 2231
2678 74 7223 75 7020
3758 53 7698 64 1078
5728 60 7104 25 662
1318 72 4370 55 6716
3260 58 2003 55 6722
3840 65 8242 46 1199
1406 73 825 66 4894
579 10 7264 80 7025
5740 54 5295 66 6497
8903 42 5508 94 8223
8291 70 1436 79 8109
1106 52 2490 24 8715
2474 20 8241 16 7643
1684 77 1273 38 1939
2664 24 5662 28 2503
2344 37 552 4 1055
8841 46 719 15 5483
6431 76 2046 58 4508
3478 63 8121 67 1694
5902 41 3485 29 7915
7531 54 1925 76 4965
2906 94 6211 38 3761
3267 71 3720 37 8362
3404 76 7801 88 8703
8664 69 2650 95 5340
5099 80 6694 68 792
5960 54 885 89 4351
8909 44 8194 43 2580
3793 11 6288 85 8733
2227 0 6985 10 2143
7720 81 5969 39 5793
6806 8 1603 92 5053
1066 17 203 97 7182
5970 17 4127 88 3282
5889 42 8306 24 3269
6135 73 6163 54 2256
2950 89 3604 3 5607
4447 79 4208 7 6189
7354 7 5193 5 3548
4727 40 8996 38 14
6398 39 6300 60 2408
2646 81 7943 1 2707
7945 19 6235 40 4601
8270 19 2122 70 297
3513 20 983 23 6121
5255 13 3948 53 1410
6014 84 1641 16 8509
5305 45 727 30 436
2572 63 3877 69 2404
234 28 4463 8 2739
7580 57 2642 10 470
4562 85 227 23 2965
8779 48 3446 50 242
5927 74 5674 47 5646
80 95 5283 36 190
1964 80 2190 76 404
6729 77 1854 76 6890
4764 63 542 23 2368
8534 85 4829 59 6586
2611 72 1514 90 8711
392 32 8468 19 6544
8929 55 3604 29 7322
5453 51 984 45 1582
3497 2 5185 27 5995
4959 58 1271 51 7518
7278 92 3371 39 8866
3547 7 4105 97 8938
6277 92 4457 47 4949
5383 48 2524 53 3800
2677 76 8209 15 6377
227 81 534 1 8076
3693 54 6222 57 3862
5473 6 4608 87 7218
820 24 5973 25 1976
4216 33 2529 51 1863
8371 30 8984 20 1143
7506 24 1931 69 1582
8689 53 4533 91 8883
3558 59 3254 82 197
4804 72 401 49 3423
7224 87 5669 38 1996
2276 44 5687 38 7715
1554 97 2520 8 84
7195 37 2344 42 4296
240 12 3106 72 7462
4299 28 1247 94 5384
6632 40 3909 2 5872
7407 44 4980 24 4522
1597 28 828 64 1282
7527 88 7787 89 3430
6591 14 6050 68 271
4615 32 8957 16 5975
6592 47 1518 82 6652
884 59 6766 69 2933
5359 75 8837 78 6668
4169 4 3038 3 1208
5224 64 2132 98 5667
4486 68 1861 66 4078
8175 33 300 14 4994
1710 67 308 15 6797
489 78 4952 40 6752
8112 32 2250 52 1374
5974 14 8704 16 2075
5825 49 7486 19 4294
6071 45 5506 19 149
1465 41 8954 14 3559
6642 3 3123 22 1358
8860 94 4923 98 7560
2113 65 8526 55 5657
3061 1 8444 70 8793
7666 17 2326 38 6266
5066 91 1764 34 960
1273 2 3358 46 4968
6485 67 2138 31 3172
7361 46 4696 20 8426
8096 70 7060 74 8718
3736 76 4118 53 1754
5468 19 2204 35 7947
2944 73 524 64 3525
3244 0 2305 75 7106
6357 79 5511 94 5650
4513 58 4999 1 3218
4886 30 8670 99 2978
7338 2 6539 74 5383
1688 88 1335 19 6071
1456 15 8818 0 5157
7613 45 6220 98 1750
2439 26 6292 23 7846
7468 69 149 96 1346
2042 80 3237 99 2123
3604 61 5252 14 3596
4723 14 4055 54 2877
5838 46 5078 9 715
2373 13 2303 32 3444
7553 29 5683 15 1684
2284 22 1511 75 7408
3043 68 7232 89 4333
849 72 8565 8 5337
4584 59 8533 24 1700
4409 44 1448 87 3992
7827 90 5758 67 7662
5614 31 793 13 4636
7105 65 8194 34 6496
4493 30 373 20 1735
3325 12 2324 49 8206
6648 78 4429 5 8251
2491 4 8850 50 6486
7780 69 2795 85 8518
1882 23 8018 83 2142
7757 20 3551 9 1881
8578 23 4235 15 152
5896 37 3100 36 3211
7487 21 1861 32 8197
3922 38 5272 96 1780
5364 33 1469 14 401
150 32 427 37 6398
1293 40 3176 83 8636
400 47 3451 6 5490
4219 50 3234 49 8543
2241 84 7428 43 5295
8187 32 5488 11 1612
1956 55 5106 68 4162
6790 36 1004 12 4484
6293 96 5363 90 2081
7176 21 4043 79 6854
3358 93 4658 38 5647
5786 8 4893 34 3327
7249 64 8323 59 7900
8513 77 8171 14 4019
7171 86 8902 88 3763
4452 12 5725 43 6368
7906 29 5424 62 1376
1055 87 6240 67 3078
2168 98 2673 64 3421
4162 55 1185 59 7141
3587 59 1672 31 6505
4766 53 7762 5 5560
8662 53 3456 51 3588
2661 97 8445 77 518
5570 37 1425 75 2000
551 80 6884 50 7677
834 97 1463 58 5230
4514 46 1273 45 5041
3451 26 2036 67 7837
2302 23 7151 36 4584
8018 12 8713 22 67
7573 20 2601 32 8282
3648 37 4343 42 6582
4522 3 4116 98 6019
3321 48 7517 50 4682
2584 35 8775 16 3134
356 40 2404 45 3567
2650 9 7813 32 5104
561 54 1850 62 7990
4414 80 669 29 5437
5855 38 3226 17 1638
2626 72 6007 6 8860
6605 54 4020 53 6206
859 89 6351 78 4107
1649 62 113 82 5484
7605 19 2328 36 5672
4510 56 4586 1 3825
1883 54 8453 79 4445
4237 0 3549 50 2531
6628 98 4022 18 6979
3854 6 3279 19 4565
5949 15 6481 0 756
6331 26 6606 11 5702
2529 12 295 15 1224
7003 88 2139 30 3491
6502 10 3144 19 1231
3409 20 3780 75 8280
5455 40 8208 3 149
6911 55 2725 64 3434
8121 76 3708 41 4691
1068 82 5540 14 5845
764 29 51 27 3464
1595 5 8334 50 7278
4657 18 5142 7 6166
6433 31 5886 20 6821
7640 56 2855 7 2126
3107 87 6900 0 8660
7393 88 4287 31 8431
8317 69 6999 79 7080
4904 73 4537 94 7443
8888 63 2972 93 568
689 1 2844 26 6359
3974 96 8949 15 6204
4727 0 8483 3 1548
7133 10 5990 38 7016
774 3 2436 9 2751
1020 3 5771 12 8680
8664 93 969 81 6660
2800 8 2325 52 685
5321 22 860 72 998
717 8 58 33 1350
3313 47 3947 44 3584
4980 93 4687 6 3684
7823 31 8179 68 2227
4541 87 4221 8 3118
7392 18 3295 22 1432
2699 46 4923 27 3897
5824 70 3174 60 4814
2697 3 3877 12 8378
410 92 97 1 7179
7846 10 1617 87 5837
5382 1 5480 45 8990
8804 31 1458 30 7301
6098 5 7042 56 7110
6915 9 2672 93 4234
2128 41 3609 4 6305
6817 84 3878 85 6641
1554 4 3199 78 5233
2958 33 728 91 7120
4063 97 2096 92 6991
3531 39 4542 29 543
5830 1 2134 64 1579
2882 39 723 40 2666
5656 30 4905 82 4046
2164 26 5025 79 5711
1682 79 1491 60 2638
3877 90 4951 26 8290
7463 49 4014 71 6247
928 56 5691 19 1886
6631 89 1248 16 1806
5403 59 8086 36 2059
4912 67 2545 28 4592
6684 32 2687 64 1101
6099 36 7514 9 778
1384 34 5824 14 6394
8927 8 2123 58 3428
2564 27 8984 38 3334
8989 86 2466 77 8956
4959 91 1174 73 2970
3167 80 3440 53 5271
2921 30 5735 3 3154
6206 52 7364 4 7792
487 55 8000 5 5208
2572 61 192 66 1418
6335 26 8690 35 8087
6449 55 8869 19 7735
6306 66 1219 67 6075
4946 95 7942 26 7563
3012 62 4178 36 4811
5251 45 8550 53 3478
7394 19 557 3 1828
8997 37 830 32 512
924 37 3566 68 2294
7467 9 4592 36 1460
3467 13 5883 50 2742
5671 78 8236 77 3370
795 73 4264 0 4958
3185 64 6895 28 8056
7939 10 4524 34 768
8370 92 4843 57 6792
7575 4 6311 35 787
5834 28 3522 45 2123
5821 88 451 35 2908
5387 98 4552 20 1965
4123 53 3915 28 4825
5023 18 2200 38 5967
7929 0 3599 58 7235
4592 85 8533 36 4414
641 32 3380 23 737
7870 11 786 17 8056
1086 32 6643 64 8045
3843 19 8808 74 4111
4786 70 5182 69 346
8062 55 7228 13 2566
2349 57 4057 76 7725
5336 77 8579 96 7407
6212 24 8616 99 5816
1765 28 754 49 3624
8546 53 8258 71 4628
6954 58 6527 99 3379
5804 20 7804 39 2518
2893 78 4548 98 3568
333 47 609 99 5049
247 33 3819 92 461
7731 89 8732 67 4756
11 63 2648 34 8265
6176 2 5397 54 2176
6317 13 8874 76 8371
4835 17 3632 29 1457
2360 44 807 85 7545
4986 66 7574 15 7264
3320 97 5150 72 83
7593 94 7114 27 3079
1746 25 7105 39 3220
8404 40 3765 28 8370
5678 79 3474 9 6119
2183 98 6752 53 4146
8417 90 707 45 2567
5491 9 273 55 7558
885 4 8956 90 331
3074 76 2129 27 5860
1351 73 5697 23 4321
2889 7 4709 53 170
5018 13 7200 97 1282
4263 35 409 9 97
4551 17 8070 92 8101
285 98 6406 73 8377
8465 16 6815 44 5652
954 24 2651 34 3958
7554 0 4772 98 292
8065 59 6172 69 7196
4975 92 525 0 1249
7141 70 2257 78 8008
5296 39 2032 85 7694
2818 48 2180 96 6417
850 61 8650 76 1671
5288 71 3994 70 1900
8264 68 3584 55 5843
8879 88 2438 82 8622
6655 89 737 88 8775
7688 83 4644 37 8978
582 73 2788 58 2788
3988 24 1793 78 7408
6848 40 2019 74 8627
2025 51 4676 33 3389
613 77 8112 41 7164
8533 51 4530 72 3573
1439 33 6155 48 8034
727 16 1896 24 5857
8622 58 5774 88 8700
5196 33 3693 77 3121
3137 98 7617 40 8826
3597 33 3618 62 7945
400 38 4125 15 3917
3394 39 752 99 163
3128 47 4586 81 3460
6696 32 927 59 1005
6997 33 6667 53 684
3722 10 976 33 2564
1518 31 8279 45 3341
4668 28 8750 96 1188
5714 78 2371 51 325
8904 54 4251 66 3534
7583 29 1322 83 3331
5048 45 7283 82 3543
5135 11 6072 71 7349
5572 56 4150 78 3197
8574 33 2592 89 8313
422 80 4378 43 2961
4896 59 5799 78 5732
4488 66 3090 98 3905
1932 51 467 44 6906
4621 64 2390 21 5027
4647 25 1637 72 8934
1154 81 2265 96 4052
1505 40 8831 67 5050
3105 51 2533 1 1095
1474 52 4151 4 5737
1288 19 6626 45 1323
3538 18 4552 21 2706
7230 11 2357 30 2744
5078 92 7679 15 2574
1060 18 8802 94 8438
1036 39 1124 55 5764
5149 78 802 71 385
4679 53 3542 61 3900
6503 48 6127 37 1098
6191 76 4836 53 2096
892 75 211 93 3468
8368 17 1159 39 1523
6275 14 307 8 8683
6850 19 5994 93 5332
4434 4 4056 56 7100
2069 34 6237 53 4048
240 23 3075 92 8547
4457 44 4897 5 4383
4268 4 3976 46 7010
865 60 1418 22 6895
7040 58 2531 76 2258
8583 97 1668 43 4625
3554 8 8344 20 2666
5561 31 2807 48 7838
3034 47 3638 97 8461
4254 20 4245 63 7445
2020 75 577 22 6787
8205 48 5068 2 980
1307 34 8200 57 1106
5109 16 7354 67 1474
7039 75 458 67 8326
7023 48 1422 57 4795
3966 52 6537 1 3208
7751 31 3340 45 5376
2841 87 7898 52 8064
1882 27 5316 25 5265
6897 49 3522 76 6307
3456 69 2349 14 7619
2237 82 2397 31 3231
5654 53 7898 8 6113
8936 88 7285 27 6828
4778 81 3143 33 4208
2784 92 5304 91 8125
118 63 3258 79 5155
8125 29 2578 62 495
8658 71 6758 69 7859
830 88 3627 76 2269
3993 86 3586 89 3375
4023 63 3343 92 5933
6500 78 4189 41 5175
1252 37 3814 48 4579
8208 44 7436 70 230
5538 31 3142 19 2598
2629 39 8748 21 1730
2640 38 2854 87 2343
1288 51 8745 64 4562
6490 9 1976 12 7869
1818 6 6691 72 2286
2210 31 6863 15 8526
6554 68 5700 93 5120
6957 74 2502 40 6033
4809 42 3326 13 6756
4807 74 4397 11 871
2456 41 5876 22 4007
7981 47 2589 20 5065
1552 6 793 7 3135
7050 17 1227 74 5329
3717 94 2313 68 6262
1134 88 8230 42 4498
2407 43 7230 99 8638
7577 44 1781 91 8486
1483 29 2280 31 3301
3861 37 2213 68 3627
3716 11 8843 28 8488
6117 66 3838 85 7967
4477 93 6775 84 4429
6906 4 7847 88 1760
7937 84 4488 25 4005
5528 51 1267 23 3897
1749 85 3478 94 1351
7193 41 6296 47 3110
2245 8 2534 63 2378
4965 81 1819 58 5277
6075 23 7530 37 4618
1173 97 1361 8 1318
3516 26 4072 14 4559
8459 1 3234 43 5462
3677 86 3123 18 5523
6092 92 5679 79 7783
2880 44 2696 45 3933
8977 54 1000 71 2180
2050 66 2317 24 7070
2588 36 7324 53 4606
407 2 3797 75 2379
1528 14 8801 43 5121
1769 43 3823 26 4516
3112 43 5444 38 1275
8870 7 1866 53 994
4264 71 3297 53 8461
6186 26 2643 19 4923
4390 47 3728 52 4770
5385 71 8068 16 1521
1011 69 6630 14 8402
1780 72 7166 15 7323
1582 20 3534 93 8658
7934 59 4254 49 7372
6097 94 6638 29 8295
7601 70 5246 18 3433
3551 1 2204 50 3237
4314 64 5739 71 359
5121 65 5078 64 8070
8144 99 2095 90 4084
4577 52 3506 21 3335
7444 73 4571 7 527
5814 68 8487 13 7260
2334 88 4420 49 981
6057 15 5903 21 1159
2117 90 6929 62 803
6869 33 2368 81 4469
6663 63 7790 16 4530
8903 3 2959 35 4712
4438 21 8338 90 2288
3667 27 7179 2 3620
8794 62 1480 85 3898
7308 71 1430 46 287
3659 22 6183 15 6737
8605 77 4530 2 3280
5285 14 1408 15 3880
7449 93 6340 35 3242
5236 95 1608 8 2659
3841 91 8030 99 7372
822 53 8405 46 1756
2650 48 600 58 8981
287 27 5460 92 2874
2117 78 3851 36 2204
6549 69 2033 99 3780
7578 48 5171 3 7701
7018 16 4957 98 4859
935 62 7843 59 1235
5654 72 6396 60 1064
5431 88 4941 90 4279
2715 63 1409 93 3884
5224 54 8741 31 4871
5234 73 4560 48 1972
1610 76 1683 53 4418
6994 73 1332 46 4102
5669 65 7764 67 2229
1266 88 7581 95 5304
7943 57 4052 38 5205
6441 53 2494 13 4164
2909 37 5351 23 3268
4661 81 6528 32 7497
2980 11 760 24 2975
8938 70 4006 96 6651
2420 93 2774 11 5398
5505 7 4411 88 5249
7145 71 8919 81 3129
4950 86 2723 51 2365
8594 44 5835 3 316
8944 5 7748 54 4837
4328 45 5220 78 1013
2790 13 2666 35 5406
1099 78 6539 39 1219
538 68 7606 75 4898
4546 8 4776 84 3400
2933 42 591 62 2154
2137 41 1022 27 1777
2440 66 8726 49 5320
1544 59 3738 80 5820
1852 80 1815 0 4824
4929 42 8696 95 1747
5194 28 2720 75 1529
600 64 1062 26 5980
3484 34 1204 19 2652
2241 52 5889 2 6676
7067 93 8144 78 3393
8740 43 73 95 4202
2654 56 8446 91 688
8080 59 4201 31 4981
5666 43 2154 24 1634
662 3 434 30 2993
5655 18 2917 43 6753
8373 39 1013 42 8866
5936 28 3399 36 8396
8984 55 2426 78 577
2067 3 8996 41 2922
1980 62 3182 17 3127
3915 41 1798 25 1512
1629 50 5298 88 1265
3213 75 7565 55 8877
5623 87 2769 94 6429
2353 24 630 29 6249
2920 24 615 26 3920
2579 86 2852 70 1519
4886 30 7607 45 6050
5817 72 2780 10 3326
2388 19 2450 93 5747
8690 99 1837 68 4665
5675 42 8725 95 3657
2349 94 969 75 3487
2852 17 595 56 8186
4518 0 3707 13 5804
5417 94 1980 91 3545
8599 24 49 23 8473
371 66 8564 20 2212
1432 95 7024 63 6384
5034 28 6300 41 5703
4840 21 2022 0 6349
5070 93 7154 15 6115
2224 28 5280 30 4304
396 39 7752 10 6026
3779 34 1286 27 7774
4574 26 8206 16 1753
7563 62 2729 35 2516
5964 24 431 81 1933
8668 7 8805 17 5615
1342 66 8514 87 7617
8965 79 5962 98 3346
1412 55 5255 27 5430
1080 40 2794 85 7279
4176 63 3214 22 8167
7708 58 3228 68 8357
7371 4 7020 14 7221
3195 11 3859 47 8458
1900 29 3570 2 754
6744 75 4243 16 2248
1302 74 7441 48 5433
3580 94 6206 62 7628
8418 54 5091 37 4990
5363 82 4532 23 4938
7643 22 6549 62 1753
740 72 2176 4 1010
4408 65 4516 51 5106
3366 69 3082 79 1216
7438 10 6453 72 944
3411 26 6316 28 4437
6954 9 1067 84 769
6114 63 3783 53 8253
7625 77 3551 93 530
1857 56 8325 42 5308
6819 48 5962 87 8899
8079 7 5990 94 1318
6218 20 3409 67 7198
374 57 1894 72 4296
5066 34 3068 6 7327
3569 27 6605 19 3118
6835 41 1368 80 6281
1894 88 5501 1 7808
6534 21 5705 7 2832
8830 56 3215 86 2944
4997 55 2892 94 2256
2856 44 4045 5 7094
6202 17 8064 54 8050
2405 65 6522 4 6566
2025 81 7625 54 161
3345 1 5403 55 5456
1292 69 5316 6 4942
981 14 6574 24 8471
366 33 1210 30 5616
1148 4 510 36 4045
2332 44 7886 78 2204
3701 2 7357 11 1662
2997 57 5700 12 3744
6688 10 3727 84 7010
1723 19 5495 28 2383
7215 51 5887 26 915
3530 3 6571 90 954
1928 12 2964 65 181
722 5 2099 60 5436
6248 90 5449 24 8826
303 25 3408 38 6905
5526 56 50 48 3109
3593 49 191 24 8338
7224 75 8815 9 8795
3085 35 1545 94 7767
6271 35 4425 69 6132
7756 93 8074 71 1295
8973 3 7064 85 2571
2312 61 7250 51 2162
4047 13 8161 28 6849
307 15 4829 6 2417
3709 69 6824 17 6030
8134 3 7864 35 6325
4414 32 1129 16 2671
7575 86 2438 16 2465
2269 11 1873 4 3546
1553 12 1946 50 1051
7062 0 4092 61 2361
6572 11 4569 21 2741
7537 27 3140 39 7004
236 22 5467 37 8506
8723 16 3431 87 2886
6623 0 4988 65 8744
8114 12 8224 89 7603
6069 73 6241 5 2705
